65 25 58 75
63 18 71 46
38 20 54 42
95 71 139 95
====================
47 48 49 75
65 44 92 71
88 70 108 110
90 60 107 128
====================
58 48 45 122
107 55 100 92
120 64 65 205
106 77 90 129
====================
33 42 13 50
76 24 50 30
165 106 92 164
151 114 74 175
====================
244 102 193 148
174 112 134 146
156 112 107 141
158 76 135 127
====================
27 57 68 80
46 65 80 135
20 60 48 44
50 85 100 155
====================
102 45 136 56
179 32 158 81
216 72 239 127
128 21 149 55
====================
104 132 72 100
140 164 103 110
90 107 69 54
149 154 119 84
====================
79 96 147 60
85 44 77 46
72 93 177 109
58 133 219 107
====================
125 25 146 161
34 10 63 20
73 31 128 92
116 34 161 89
====================
120 141 76 105
90 118 94 94
147 184 100 128
56 69 24 34
====================
133 153 123 121
94 66 45 67
103 153 106 89
183 193 144 147
====================
145 138 137 129
131 140 120 114
128 111 127 74
96 91 80 115
====================
198 141 45 342
137 80 14 189
92 68 22 177
66 53 36 113
====================
142 147 157 161
186 131 110 150
99 85 82 81
156 88 172 114
====================
58 127 90 115
50 69 48 45
181 257 147 134
65 82 43 41
====================
47 13 71 25
80 49 125 76
117 48 118 40
201 93 155 155
====================
50 52 52 74
65 41 43 90
118 102 107 167
121 81 79 180
====================
138 51 57 81
37 10 11 13
211 60 65 117
169 106 89 133
====================
134 85 35 154
40 22 2 25
141 99 54 123
97 61 16 84
====================
100 139 48 99
92 119 6 53
178 219 69 157
136 173 51 131
====================
52 161 134 76
56 132 106 69
34 106 107 62
64 88 88 78
====================
113 76 117 156
52 65 150 172
82 42 122 138
108 69 114 146
====================
185 115 104 59
169 107 118 65
148 88 90 70
145 97 114 65
====================
159 204 222 194
133 158 164 149
130 130 104 101
83 113 139 125
====================
140 120 84 110
85 69 43 92
205 189 95 202
93 82 30 110
====================
69 174 71 104
77 151 111 113
14 25 33 25
68 131 131 115
====================
130 190 77 108
123 164 91 114
12 20 79 63
113 174 61 71
====================
80 70 9 79
58 57 53 75
62 51 70 64
63 80 41 63
====================
